-6.939190145009188626e-02 1.386220961766273518e-01
-1.511931942623119252e-01 -6.463167562047054115e-01
6.745732906299657383e-01 6.070033131974315044e-01
3.638302507233772687e-01 4.767592466962653486e-01
8.464029737901679340e-02 -3.157814396108189481e-01
-6.897086613904486185e-01 -4.646265588472817676e-01
2.441893865608437686e-01 6.179554324884046768e-01
-2.746185577776272257e-01 4.316367446445574796e-01
-3.322746843048036691e-01 8.178895034464661595e-01
-2.521929314217472573e-01 3.049894929779215502e-01
-5.602201220523159719e-01 -5.624373141936276355e-01
6.913626982978391400e-01 3.177145588891756578e-01
6.563389799118506396e-01 6.461941318177861771e-01
1.346678620070964616e-01 1.633933305852952600e-01
7.115320260554347520e-02 9.652526624911139663e-01
6.877441086678646176e-01 4.872407104956577584e-01
8.561963883661196650e-01 4.707690478358570463e-01
-4.978250617006798606e-01 -7.000680685113662705e-01
2.320612650139166622e-01 -2.435681428248837044e-01
-7.049275849633287461e-01 -2.358240613686382048e-01
3.354236206018115229e-01 -5.952767113202961369e-02
2.329194928100328799e-01 -3.964118405174144044e-01
3.685325843995037598e-01 -6.115090738698121253e-01
4.736217275214493760e-02 7.938756713378294361e-01
7.541373594644009692e-01 2.647301810403397404e-01
-2.266251291376368826e-01 3.445286794000272934e-01
5.465918322653182670e-01 -4.487240903628757493e-01
-9.378999299772572407e-02 2.560774772860470172e-01
-4.523723431600434886e-02 1.274520524313902392e-01
4.629171041024682243e-01 7.862981467776106737e-01
-2.411037879543622697e-01 2.938431939890229216e-01
-4.862816442884367873e-01 -4.844797836385570378e-01
4.600489064552237828e-02 -5.057900157092412030e-01
3.056002087957450097e-01 -3.635512350072198640e-01
-3.145718791765168554e-01 -9.362468833826369519e-01
-2.938904298157154482e-01 -1.733834400495926076e-02
3.868206581945956568e-01 -8.931477496836015550e-01
4.716398063210713865e-01 5.650870331785888823e-01
1.888779813200411883e-01 2.740034888366229548e-01
-1.718969156553014077e-01 -9.801096866233931504e-01
-1.797167841260105536e-01 7.322083127025451610e-01
-5.961004257084951963e-01 4.614958454988644654e-01
-6.216807465722078430e-01 -7.006351869433711244e-01
-5.444032359412362965e-01 2.304679119556716227e-01
2.259103899838139640e-01 4.294112176601450059e-01
6.504352823960937169e-01 1.836348841517529973e-01
2.204869462999328178e-01 -3.601137434145393890e-01
5.200150538346075546e-01 -3.921477878867645206e-01
8.027043515998730783e-01 -3.459671876163006310e-01
-8.323543812935541020e-02 -5.453003520799581949e-03
-1.790241866285668948e-01 9.145743004028685785e-01
-2.054039147927888553e-01 -5.098140900655654395e-01
9.168374632708675698e-02 3.484072053917668388e-01
-7.824273240628176751e-01 -2.366525618321368984e-01
1.674005961946241072e-01 1.676417508453580396e-01
3.830292752998132322e-02 8.019682255456983544e-01
7.625450981015733376e-01 -2.711924142171258101e-01
2.653530096487786150e-01 7.408062410429994138e-02
-3.283579503248617026e-01 7.028509930858575228e-01
-3.786848156699733625e-01 4.809705767614473881e-01
-1.945740576669432453e-01 4.342021036799386113e-01
7.568010138989680335e-01 5.061553665860623052e-01
3.987655418933353513e-01 5.378604636042108034e-01
1.681695463174766036e-01 -6.824629666207573386e-01
-2.281366557770858616e-01 -6.911269275488316488e-01
7.919395709499037483e-01 -3.370399614434020918e-01
-6.329723070460357981e-02 5.184399440131370884e-01
3.215511023634780585e-01 -8.293991961532347634e-01
4.184385859919446116e-01 2.153764262268609286e-01
-8.810084829715627563e-01 2.131236150685538178e-01
5.930950798988308126e-01 -4.350793096291574180e-01
7.328230309110808083e-01 -5.541623672597371097e-01
-5.110571996198058908e-01 -8.160695734950245139e-01
-2.096296002455297902e-01 -5.077728869001441048e-01
-6.361600477067241854e-04 -3.899586869622235774e-01
-7.483603666805549448e-01 5.671752489460957225e-01
-1.053272054466209973e-01 -3.036894990362870583e-01
-8.429485827996807679e-01 -3.151763751243745748e-01
-2.328558290616666859e-02 8.282325482266139627e-01
-8.668678996245955393e-01 -4.469120628503595594e-01
2.641355766149826589e-01 6.926993852698362097e-01
-3.553693191360263182e-01 -3.420744046131318772e-01
-2.829906991832591423e-01 -7.345067611605182734e-02
-3.731997671274425166e-01 -9.212403034844098837e-01
-8.046364461627446563e-01 2.778646898246204255e-01
-7.418919336256835084e-01 1.863915514451128796e-01
1.892360375784727378e-01 -7.683652482012726104e-01
2.398668672525310352e-01 -3.280641676481304003e-01
-5.471377140903666003e-02 1.412002385536010873e-01
1.902980447934732311e-02 -4.225398684890970813e-01
9.966268616341327213e-01 -6.948213792779944775e-02
9.478601681690788094e-01 1.195339533939323573e-01
-9.523691224226160656e-02 -7.710897943568240098e-01
2.913680301318966048e-01 -4.023347869599847026e-01
7.773858627832384016e-01 3.557593882824365839e-01
-3.738055334207446290e-01 -5.985167336459842335e-01
-7.318489224456918851e-01 -5.320738861163711864e-01
1.504771498652150985e-01 -5.886882591435609324e-01
-1.789027446212232419e-03 9.076557923261185934e-01
4.600770983130908487e-01 7.995957691156310165e-01
8.187144298567021750e-01 -5.178067932007075491e-01
-3.945233714165312655e-01 -3.762346583854343507e-01
3.635515655112420141e-02 -5.777478167997378566e-01
1.647976872494294476e-01 -1.454733884137593414e-02
-5.851263584198214129e-01 -6.296524623888664074e-01
-3.580896660576691204e-01 -2.521093718703770747e-01
6.404071866680509650e-01 -3.591770757945322856e-02
1.043784976880117732e-01 -2.499344017873434964e-01
8.328943914302793239e-01 -1.472595963183760404e-01
-8.282465312751585707e-02 -5.428813415722821833e-01
6.275758604206518321e-01 -5.064028623689609265e-01
-5.130008733526936204e-01 3.727776304828303022e-01
7.826876372070414867e-01 -2.999894512505736355e-01
-2.749297338525360512e-01 -6.169160321953173209e-01
7.728165469993109049e-02 -4.661897177636478151e-01
2.407985923294249098e-01 4.886534715324934997e-01
-6.620793656834802476e-01 -6.529672258945242724e-01
-4.997233821546633870e-01 -1.722859021023859238e-01
8.663976470408374375e-02 2.284714411205301943e-02
8.823467290490381032e-01 -3.315147387559280734e-01
-5.768474178936171537e-01 -1.319778279621952599e-02
-8.933232138828639535e-02 -8.160327125763300327e-01
-3.747383401316461971e-01 -1.829802946258216600e-01
-6.824056579677342249e-01 3.673858705176291650e-01
-4.672576023191459260e-01 3.374346653479465274e-01
4.301600202712270171e-01 -8.622819244356523249e-01
7.367453718134733265e-01 1.294980422159865974e-01
4.688943391815150186e-01 -5.240818645171538837e-01
6.301246179954911319e-01 4.664935536404088978e-01
1.065386904819618508e-01 -2.096164658867767372e-01
3.178693381926429584e-01 7.210317022822865241e-01
8.044368066189333533e-01 5.854918066757459627e-01
5.989059627978516875e-01 -1.253602800627939828e-01
9.756543457611632775e-02 -2.838499257857023395e-01
4.481987418940445167e-01 3.806101252966189730e-01
-3.666232884914897294e-01 7.061975368814443765e-01
-2.486149328927600433e-01 2.308508856567359491e-01
6.650324094425186239e-02 -3.532794868194097937e-01
-4.163994020083885417e-01 -3.451222082796927548e-01
5.063445550633198788e-01 -5.627010332573390006e-01
-2.302167890402582184e-01 3.029562461470025614e-01
3.271718482084320367e-01 -8.210396073939283390e-01
-2.718806415853647351e-01 7.833116957618186937e-01
-1.781453098395489043e-01 8.286741774576145136e-01
-6.925993594342527704e-01 6.190670079467699427e-01
-2.546545305413783211e-02 8.590395735103464325e-01
-8.937805606426940663e-02 -1.456511338768606834e-02
2.284163015749114400e-01 8.990052490011379849e-01
5.583448559959234281e-01 2.776061288242903657e-02
-4.268071977677563300e-01 2.216610189039236456e-01
3.871088957710926426e-01 3.864803432635752767e-01
1.093099259671586054e-01 -4.703108267181517199e-01
1.752222281389581582e-02 7.450391809134675469e-01
-4.658146145154209439e-01 2.360539247210067249e-01
9.658280012927507041e-01 6.971311036728744526e-02
-4.034183328600744467e-01 -7.970667758852894025e-01
6.599129255428337615e-01 2.158436943697510380e-01
-4.754789954152460751e-02 2.543438874780901138e-02
5.641381949020858322e-01 1.347624160352614009e-01
6.885053857940239830e-01 -6.769810818435963995e-01
-6.871163223052556557e-01 2.420175538426074802e-01
2.903476597655445524e-01 6.192204845999020879e-01
-5.862758325489623168e-01 1.228491737748305113e-03
4.405282424648251371e-01 -8.741752314645521160e-01
-6.665158202051590930e-01 -7.168982833181831715e-01
-4.186392530711149362e-01 -3.087506654755944879e-02
-4.088733125888996955e-01 8.244565770249938641e-01
-7.284361327807791220e-01 1.878717652477162048e-01
-4.532707085313165685e-01 7.109523275510436502e-01
6.139690884328221632e-01 -6.268176523286683732e-02
4.582625975673892960e-01 6.452417395747467310e-01
-9.319384090061433312e-02 2.625390911869029953e-01
-6.106507376544039190e-01 9.948349055864591506e-02
-1.461613234592029631e-01 6.813798735725784539e-02
-3.178600573146812547e-01 5.341781806316849845e-01
-3.392731239290849299e-01 -1.243770340461267665e-01
-3.049117287921616626e-01 6.309618346996126448e-01
1.934526254497546116e-01 5.117046905863040784e-01
-1.781893331419071025e-01 -3.942962960384888138e-01
5.080728484947762968e-01 5.561049593946174596e-01
-9.770124487319309381e-02 2.225037845981694407e-01
-5.112534180168637477e-02 -9.095689409836582584e-02
2.993376744422144853e-01 -4.167649864689140227e-01
-2.347356446222297333e-01 -7.092164357446135714e-01
-3.886317461452422073e-01 6.249415093797778820e-01
2.543988679154964849e-01 2.814023239082814598e-01
5.164918707211574311e-01 2.590253885572981751e-01
5.163619331471283047e-01 9.664786036300743177e-02
3.698854310452115435e-01 -8.241919420617846992e-01
1.454876939709870420e-02 -9.943015017966359004e-01
4.249777104302827624e-01 -8.703913956806788033e-01
7.118715720635369060e-01 6.898677735509146647e-01
-4.711740751007220673e-01 4.759317244088769883e-01
-5.378955734461401406e-01 -2.030515657832512311e-01
-2.754599293619590661e-01 4.248968522276033166e-01
9.411883829587064376e-02 -2.612993881308665056e-01
7.669859588231349168e-01 -5.699395956844452993e-01
2.009077875157367910e-01 8.996949135399052722e-01
-8.967252453195724282e-01 1.614189676613198010e-02
3.584846849575149541e-01 7.246255798913858737e-01
-7.605120612372540112e-01 1.277537398273791425e-01
-8.099952323243344576e-01 1.090832177280107729e-01
-7.458884675527237551e-01 5.192252196968725197e-01
-5.273790668484232835e-01 3.207464838203322177e-01
-1.423191021506564624e-03 1.323868223175850289e-01
-4.688157488300435105e-01 -8.236500437716756107e-01
-4.452468916657001952e-01 -4.145581413652656977e-01
7.164373469427811614e-01 -5.834721115499115207e-01
5.069200273020362246e-01 1.081845441220274928e-02
-4.935948268577552422e-01 9.801365257200433945e-04
9.062565102940116635e-01 -2.812678141545037480e-01
-1.347873513808726109e-01 -2.760695800297612301e-01
4.984265358528572332e-01 -3.712812015298667667e-01
-7.930234650340366453e-01 5.329586928095975118e-01
2.625879177378063201e-01 -5.412001975685580835e-01
-4.257165984988380281e-01 5.598898004094277070e-01
3.695150941296958536e-01 3.113518425187831173e-01
2.230000566203282908e-01 -6.336144210010097311e-01
-5.191885229787380762e-01 5.442510323761027280e-01
-6.742282083571209395e-01 6.749785975219180223e-02
-3.291120475673345869e-01 -2.354907597975279820e-01
-9.814426037011585446e-01 1.153056830723264703e-02
8.998424805372113866e-01 3.350625924921919463e-01
3.159494062667815850e-01 9.073502553645895752e-01
-7.323787039377487318e-01 2.438263128367610388e-01
-1.081550622155054153e-01 -1.624172879482785881e-01
4.541384319380235013e-01 -9.539412496113852669e-02
1.975014906858316710e-01 -5.488332086761689155e-01
9.470229003558932046e-01 1.401797606086208070e-02
-5.782461261739786362e-01 7.907949436040868640e-01
1.598839237424052317e-01 -1.059184298645536870e-01
6.367798850431838353e-02 -2.123140731869344044e-02
-7.720501998193205484e-01 -4.052922120534119266e-01
-5.756806559863265615e-01 -5.733963455475341586e-01
-5.508816740758710750e-01 3.065054956848993761e-01
3.173738825635847860e-01 7.797056963459092493e-01
7.419087417788330363e-01 7.897875067159887408e-02
3.135706356285588026e-01 2.872055350555984266e-01
3.171460552570379843e-01 7.372014880108657131e-01
3.208199042484081165e-01 7.958429789350220940e-01
3.246293155793826823e-01 -6.213873772499480808e-01
2.615576254930696010e-03 1.211889163180659423e-01
-4.678585036725109170e-01 6.694015634733956333e-01
-1.720316039297535848e-01 8.612649537103853614e-01
-2.074738445865524916e-01 -2.522578354779321241e-01
2.771723902432852160e-01 -9.466939949517081399e-01
-2.344550417476276571e-02 -6.925781748537724880e-01
4.728669652547969893e-01 8.257550859791096265e-02
2.896431874677551921e-01 5.399107011453618821e-01
6.912372604894863048e-01 -5.579600168003029381e-01
3.361368240696649412e-01 3.678519420803203488e-01
7.828842523326355884e-01 5.586545956607942287e-01
-9.239081110041675871e-01 4.253648363350182038e-02
-5.098785698402628075e-01 7.564380027942885221e-01
3.526541752096601368e-01 5.416150552566016962e-01
-9.818687037806750340e-02 8.212061857071204507e-01
-5.905733705472058226e-01 -7.350644798995948914e-01
-3.047054035682617013e-03 -4.953854865133762164e-01
1.272699559681989001e-01 -5.559593453831945808e-03
5.189229794312495425e-01 -7.520893024402337534e-01
6.473997267930680088e-01 3.305649524753879742e-01
-1.075984126029438936e-01 -7.110509880326116861e-01
-5.539391333760472769e-01 -3.685056986574122284e-01
8.617930449667721149e-01 -5.325459961625078620e-02
-1.680237370555814902e-01 7.632443731740561343e-01
8.361908170108256488e-01 -1.463395846582240534e-01
8.208569340586668872e-02 -6.244128555306631689e-01
3.958216340594142846e-01 -2.844540090452163383e-01
4.080369390148019804e-01 2.754671453396382308e-01
-8.535681378486481563e-03 -1.191836379304072047e-01
2.775741845320924828e-01 7.490695535444027442e-01
1.074381074209929121e-01 3.929046783276326504e-01
-1.445639367723399182e-01 4.772739375032188924e-01
-8.018354757571819480e-01 -1.279517816837414390e-01
-8.570088839810425796e-01 2.337572599867547840e-01
1.398095400471404126e-01 9.698232800601536141e-01
3.755569233153086550e-01 8.548772331618090803e-01
5.587632775690660747e-01 5.163785670547031970e-01
-5.341198599908152378e-01 -9.174580447623337243e-02
-7.213544928950788027e-01 -2.562202339333834455e-01
-4.635952067048831893e-02 -6.896219418613602770e-02
-3.440508766264576135e-01 8.199625514579000907e-01
8.256425627778072318e-01 3.982021305515965892e-01
-9.476350216678897098e-02 5.612878020698701675e-01
-3.947053641259261614e-01 2.547388913756289952e-01
-2.119962413063496420e-01 8.705702102594026215e-02
6.711548842344079446e-01 -7.154369566845142359e-01
-7.262988118159898754e-01 4.978994491582229287e-01
-6.445463707763221528e-02 4.179636364647181246e-01
1.662296444928277328e-01 -8.179608971613991919e-01
-2.878169416175706541e-01 4.048462760655602288e-02
-1.365704258240851843e-02 -7.862477745891567338e-01
-3.142796712578550533e-01 -8.234990377024140606e-01
-2.204174744010514164e-01 6.750659710253315016e-01
-5.225367708501107433e-01 -6.196203923337451069e-01
9.784437702492487787e-02 8.294966908069836276e-01
-5.097797191893735924e-01 -6.854273197499556325e-01
-6.231890666114769939e-01 -1.671911883385086561e-01
2.585527948580537139e-01 8.477182881047771179e-01
2.212435622501947030e-01 4.450550548200316037e-01
-6.695439227137427451e-01 1.448564462031776134e-01
4.482130544350861889e-01 8.258054149394356003e-01
-8.218283733877576047e-01 -3.599621474674306043e-01
8.976823896967123240e-01 2.288045747602336366e-01
-1.401526735205420593e-01 -5.557506517905963506e-01
2.134412451959275536e-01 -9.657371022439318331e-01
-2.198294644300737843e-01 -9.325382093142735584e-01
1.082329701082265228e-01 6.742970590721633073e-01
-1.189019874738541649e-01 8.167477621083025774e-01
-5.960301945997181772e-01 5.030193038082764190e-01
-8.191337232585826911e-01 -2.093482615158024363e-01
7.429728010737692845e-01 3.407610884802121376e-01
-6.158379312095507707e-02 2.111532459099740855e-01
5.301530393296367549e-01 6.039654497803406130e-01
4.640252991076254663e-01 -4.759364795443095097e-01
9.317634225655617719e-01 1.952166845917504556e-01
-4.223583405370285870e-01 -8.199036654445892580e-01
4.555081948004757741e-02 -3.199406384247145407e-01
6.478079912552696662e-01 6.420795160613224084e-02
4.806589555931422009e-01 3.184037245846933484e-01
5.150829773654534982e-01 2.714964618011985742e-01
4.247503836012000988e-02 -1.559102333095137016e-01
-6.262324321046310871e-01 -7.563864908513089347e-01
-8.667867137931206667e-01 -4.761965353343777796e-01
5.532917628846321101e-01 2.128246494026444502e-01
-7.769889572748633899e-01 -2.887579354965428280e-01
-2.410673687672399979e-01 -3.209564707486964874e-01
2.535532045753119412e-01 -7.840633980649192036e-01
-1.452436055552690508e-01 -1.254616548196847425e-01
-8.008848721802865889e-01 -3.290137830837935873e-01
2.170358988263521027e-02 -5.341942531897636570e-01
5.882531610959045310e-01 6.659885448802818075e-01
-4.847378001979085749e-01 5.709558535990735262e-01
-5.712390649228062944e-01 -2.154197776771298312e-01
-4.861141468989318426e-01 8.227531069159894628e-01
2.118885410125548319e-02 -1.600426034386126517e-01
2.708627331748345579e-01 4.749115684444962238e-01
2.498445570008829275e-01 -5.300710395966714561e-01
-4.686781647174023124e-01 6.779063489709207246e-01
-2.390596575774739385e-01 -4.280669107855439304e-01
5.976232508980159341e-01 4.426008862663799448e-02
5.515665984502073904e-01 4.365161905998202752e-01
-2.258066023266083189e-01 -6.905502851975953149e-01
-2.455459701074385048e-01 -3.195294284646992278e-01
-6.849608897077119618e-01 2.474596219721540979e-01
-7.814299669404318749e-01 -1.364039352915364933e-01
5.465797252162762909e-01 7.455641199922085072e-01
-4.773077483085330641e-02 5.664492962600418124e-01
7.511025188114759388e-01 1.838802129088350501e-01
-5.024421346481844353e-03 -3.574489807407796871e-01
-9.575596289766092895e-01 -1.065452187593529665e-02
1.563605383448007924e-01 5.787522854237454606e-01
5.511914783907616577e-01 5.997563575536839497e-01
-3.612443099741131647e-01 -5.007475761170177009e-02
7.194248141999259882e-01 -6.003228240079121480e-01
-6.156589434181489739e-01 -7.009889197003418282e-01
8.328942085662482953e-04 2.222373553780081501e-01
4.569410353489122834e-01 -4.331980051160519984e-01
7.131663214415442376e-01 3.306913425320752165e-01
1.867899159188564084e-01 2.330640874498224324e-01
3.561223404664846104e-01 -6.802881463034411436e-01
3.863784634099023396e-01 3.822904879552777579e-01
2.032753902779322885e-01 4.088966183450888359e-01
-1.539689624374214194e-01 7.618415832850984337e-01
7.599627376190627448e-01 -4.621214589087379032e-01
4.049537571788812684e-01 -1.119209867231638622e-01
9.231059103096470597e-01 1.101598496132669691e-01
9.262701950489087288e-01 -3.685284502310159915e-01
-6.192438621865159476e-01 -1.704937602366274341e-01
-7.788574944898727370e-01 -2.920899672982419926e-01
-4.553349637251926652e-01 -7.386662914405834890e-01
2.253551347710047725e-01 -8.947618468360649668e-01
-1.596570415836362500e-02 5.735551186823029113e-02
1.370499461775809280e-02 -3.969975104228691265e-01
7.326414886466050547e-01 -1.489049387364282939e-01
-1.501678830569168621e-01 2.783876245742156197e-01
8.328584257413431668e-01 -2.571596148008812310e-01
-5.994909492152906694e-01 -4.149158445097504977e-01
2.216026794590066906e-01 -3.260332819063067600e-01
-7.966617989445197168e-01 -5.976801072018789185e-02
4.038523456129905487e-01 -4.928188094406595887e-01
3.657298216012809799e-01 1.044423719649218985e-01
7.583745168857181085e-01 -1.035560626132681072e-02
2.300840525164298267e-01 -8.071664566239891148e-01
-5.187512438950092619e-01 8.337745389560513587e-01
1.597162181120519442e-01 -1.513699057342123844e-01
1.434101841762069895e-02 -7.252892857031993934e-01
-4.565224883301370884e-01 -7.934624094749980205e-01
-7.580539165496213982e-02 6.245502546237329256e-01
7.285987773263860046e-01 4.996195121154476393e-01
-2.616801882910777532e-01 -7.965015488742730465e-01
7.922568017288345033e-01 8.364105975105640134e-02
8.170514368378862802e-01 -7.135696606469976722e-02
5.273958613348168623e-01 -5.934322611970059835e-01
4.252535706258575576e-01 8.689989421044153062e-01
-6.424920296548439769e-01 4.437482988438259390e-01
1.507196126641414669e-01 -3.143823704550841036e-02
-4.712647663456261959e-01 -6.512219021288185861e-01
5.023329183203191217e-01 -5.797448745988402763e-01
-5.268261424864710829e-01 -3.585744996359863102e-01
4.204388823593607771e-01 2.166497754558460720e-02
-8.019699153345933862e-01 -5.955042182646730353e-02
-3.815351368948158850e-01 2.323994321922469020e-01
-3.579799267709549149e-01 3.987704599078667478e-01
8.233495988088945783e-01 2.775874722633813185e-01
1.404131999658388974e-01 7.585802643041450466e-02
5.191424937781397020e-01 5.866423237704967431e-01
-5.288168332801921334e-01 -1.497572740990003037e-01
-8.088261031164822867e-01 -7.737860791748341072e-02
2.007666961303600228e-01 6.944197215238203658e-01
6.426467403811946255e-01 -1.520381171652738228e-01
2.529999693714550801e-01 3.267574227528793340e-01
-1.127122904357786837e-01 -2.557179208333102416e-01
2.424522950161889234e-02 -8.761539784743803683e-01
-6.644950451686115755e-03 8.742037111699936247e-01
7.279340163077563375e-01 7.887636392507624272e-02
1.745610335434992777e-01 8.744514379498744550e-01
4.709303573258065700e-01 -7.679117244112303453e-01
-8.818159822320870145e-01 -2.685971833364324546e-01
-1.998102959915466492e-01 -2.626855708038158266e-01
-9.365806725291392354e-01 2.005428846318479952e-01
6.526319184026116993e-01 -7.113525519070664771e-01
-7.397893232923842266e-01 -4.415095509267199514e-01
-1.205744316231767144e-01 7.451908317670947746e-01
8.737345604294470824e-01 -1.833531956608649427e-01
-4.381831493970909097e-01 5.086125022591974076e-01
-6.809917594950116726e-01 6.997962579668857153e-01
6.063195408763322192e-03 5.753731099169006047e-01
-7.774260268967325693e-01 5.786323675878941586e-01
-5.017989677682599403e-01 7.306621484189055327e-01
9.311252603475588252e-01 -1.275552537808852804e-01
-3.949272881462666529e-01 -5.591518306151765927e-01
5.272483798804294963e-01 -3.263057036974139624e-01
3.512790570650221600e-01 -7.056436022963579191e-01
6.604085398730119572e-01 -9.421883472381642477e-02
9.345647819569484760e-01 -1.444652182028605125e-02
3.453277105261738367e-01 -1.674651784411929079e-01
8.450019452357275807e-01 -5.285973576567863930e-01
6.569398284796590382e-01 3.345632309268482540e-01
-7.031019538701583915e-01 1.941347408417248843e-01
1.917997566964515510e-01 -5.861839043983962938e-01
-3.188685510086886055e-02 -4.770568140154769488e-01
-6.945656861410938188e-01 -4.429168627977115857e-01
-9.557067107847427856e-02 1.475555716508227810e-01
-7.906548313237689030e-01 -2.356114223982344047e-01
8.430096439301779654e-01 -2.808644542205138706e-01
2.668827393656501012e-01 -7.141955765639234066e-01
5.337811924704547462e-01 2.844897063238669421e-01
5.617344767668399630e-01 6.117738602822100358e-01
-5.527380991628505491e-01 -5.865230943643040540e-02
-8.258063431737683313e-01 4.624749281910569554e-01
-5.165718539878925153e-01 4.916283542921016103e-01
6.707706908703279236e-01 4.670605277937691646e-01
3.322268459832322662e-02 9.181790245392695837e-02
5.399883403601335452e-02 7.042157612483888052e-01
-3.997582643356769605e-01 -6.634015909883614892e-01
5.102768142119622485e-01 -8.266957526846205884e-01
2.352041608233841341e-01 8.616804912418074558e-01
7.034641800065830619e-01 -2.955615022968056671e-01
-3.094612932241096459e-01 8.653848450442980234e-01
-1.403692599273631547e-01 -6.537528319649394959e-01
-3.178702646087967487e-01 -2.585375744226461325e-01
2.702667994601415380e-02 7.076256342823994405e-01
3.849695854566248521e-02 1.813869205026896747e-01
-6.672842997943815302e-01 -5.237415276621650850e-01
-3.529329432320098547e-01 -1.547356549979206353e-01
-2.803265223715001309e-01 1.423561292619923702e-01
7.480094134323800326e-01 -2.284863087562842843e-01
-3.381302648044117731e-01 -2.866150294294564915e-01
-6.561479817917748036e-01 4.240327866814896929e-01
6.495945877200146601e-01 2.748179976708582384e-01
3.133683031058847046e-01 8.822475993404532701e-01
5.597831359299054732e-02 -6.476151348460765789e-01
-1.374655632162333774e-01 -3.706489796752923116e-01
1.638921743820367372e-01 -8.022910605759547842e-01
3.697658912017278698e-01 4.403787067039630632e-01
-3.530352015240945107e-02 9.564044146778849509e-02
5.226777741920443088e-01 4.629673385484869286e-01
-7.606296546988489116e-01 -2.590114428809846547e-01
3.007977255495748459e-01 5.951220744955703079e-01
-2.659464254239198855e-01 2.718959010614920846e-01
8.110049079000440919e-01 3.377941036583007595e-01
5.960483225762673865e-01 -3.048340660412445224e-01
-1.635025832828929104e-01 -6.447886088979757346e-01
4.207432189762125851e-01 5.383382721159921669e-01
7.368483340267217852e-01 -6.365025093800400491e-01
-3.074944062149942425e-01 5.355625856494532488e-01
-4.271123953683171326e-01 -7.220989488017537372e-01
1.395919565575609589e-02 2.596044184654422438e-01
6.022292542614400279e-01 -1.247862042858673970e-01
-3.577641613764912520e-01 -8.561953678808009727e-01
-1.927851742750381625e-01 -8.739416657324394766e-01
4.793496766149309973e-01 -2.304075345121965324e-01
6.477480512644973043e-01 1.012735729771696569e-02
-9.785686949132510470e-02 1.096198861830544047e-02
-2.310129631971293840e-01 1.774997862845137941e-01
9.094640500143169604e-02 -7.366114509546746181e-01
2.749947604730147432e-01 9.083464603326707465e-01
-5.137423763978838931e-01 3.440220983899004992e-01
-8.722643969411729703e-01 2.553455600045144713e-01
